scalef, Ncell, chunk: 0.254016 504 170 
1 99.999960
2 99.999921
3 99.999881
4 99.999842
5 99.999802
6 99.999763
7 99.999723
8 99.999684
9 99.999644
10 99.999605
11 99.999565
12 99.999526
13 99.999486
14 99.999447
15 99.999408
16 99.999368
17 99.999329
18 99.999290
19 99.999250
20 99.999211
21 99.999172
22 99.999133
23 99.999094
24 99.999054
25 99.999015
26 99.998976
27 99.998937
28 99.998898
29 99.998859
30 99.998821
31 99.998782
32 99.998743
33 99.998704
34 99.998665
35 99.998627
36 99.998588
37 99.998550
38 99.998511
39 99.998473
40 99.998435
41 99.998396
42 99.998358
43 99.998320
44 99.998282
45 99.998244
46 99.998206
47 99.998168
48 99.998130
49 99.998092
50 99.998055
51 99.998017
52 99.997980
53 99.997942
54 99.997905
55 99.997867
56 99.997830
57 99.997793
58 99.997756
59 99.997719
60 99.997682
61 99.997646
62 99.997609
63 99.997572
64 99.997536
65 99.997499
66 99.997463
67 99.997427
68 99.997391
69 99.997355
70 99.997319
71 99.997283
72 99.997248
73 99.997212
74 99.997177
75 99.997141
76 99.997106
77 99.997071
78 99.997036
79 99.997001
80 99.996966
81 99.996932
82 99.996897
83 99.996863
84 99.996828
85 99.996794
86 99.996760
87 99.996726
88 99.996692
89 99.996659
90 99.996625
91 99.996592
92 99.996559
93 99.996525
94 99.996492
95 99.996460
96 99.996427
97 99.996394
98 99.996362
99 99.996330
100 99.996297
101 99.996265
102 99.996234
103 99.996202
104 99.996170
105 99.996139
106 99.996108
107 99.996076
108 99.996046
109 99.996015
110 99.995984
111 99.995954
112 99.995923
113 99.995893
114 99.995863
115 99.995833
116 99.995803
117 99.995774
118 99.995745
119 99.995715
120 99.995686
121 99.995657
122 99.995629
123 99.995600
124 99.995572
125 99.995544
126 99.995516
127 99.995488
128 99.995460
129 99.995433
130 99.995405
131 99.995378
132 99.995351
133 99.995325
134 99.995298
135 99.995272
136 99.995245
137 99.995219
138 99.995194
139 99.995168
140 99.995142
141 99.995117
142 99.995092
143 99.995067
144 99.995043
145 99.995018
146 99.994994
147 99.994970
148 99.994946
149 99.994922
150 99.994898
151 99.994875
152 99.994852
153 99.994829
154 99.994806
155 99.994784
156 99.994761
157 99.994739
158 99.994717
159 99.994696
160 99.994674
161 99.994653
162 99.994632
163 99.994611
164 99.994590
165 99.994570
166 99.994550
167 99.994530
168 99.994510
169 99.994490
170 99.994471
171 99.994452
172 99.994433
173 99.994414
174 99.994396
175 99.994377
176 99.994359
177 99.994341
178 99.994324
179 99.994306
180 99.994289
181 99.994272
182 99.994255
183 99.994239
184 99.994223
185 99.994206
186 99.994191
187 99.994175
188 99.994160
189 99.994144
190 99.994130
191 99.994115
192 99.994100
193 99.994086
194 99.994072
195 99.994058
196 99.994045
197 99.994031
198 99.994018
199 99.994006
200 99.993993
201 99.993980
202 99.993968
203 99.993956
204 99.993945
205 99.993933
206 99.993922
207 99.993911
208 99.993900
209 99.993890
210 99.993880
211 99.993870
212 99.993860
213 99.993850
214 99.993841
215 99.993832
216 99.993823
217 99.993815
218 99.993806
219 99.993798
220 99.993790
221 99.993783
222 99.993775
223 99.993768
224 99.993761
225 99.993755
226 99.993748
227 99.993742
228 99.993736
229 99.993731
230 99.993725
231 99.993720
232 99.993715
233 99.993710
234 99.993706
235 99.993702
236 99.993698
237 99.993694
238 99.993691
239 99.993687
240 99.993684
241 99.993682
242 99.993679
243 99.993677
244 99.993675
245 99.993673
246 99.993672
247 99.993671
248 99.993670
249 99.993669
250 99.993668
251 99.993668
252 99.993668
253 99.993668
254 99.993669
255 99.993670
256 99.993671
257 99.993672
258 99.993673
259 99.993675
260 99.993677
261 99.993679
262 99.993682
263 99.993684
264 99.993687
265 99.993691
266 99.993694
267 99.993698
268 99.993702
269 99.993706
270 99.993710
271 99.993715
272 99.993720
273 99.993725
274 99.993731
275 99.993736
276 99.993742
277 99.993748
278 99.993755
279 99.993761
280 99.993768
281 99.993775
282 99.993783
283 99.993790
284 99.993798
285 99.993806
286 99.993815
287 99.993823
288 99.993832
289 99.993841
290 99.993850
291 99.993860
292 99.993870
293 99.993880
294 99.993890
295 99.993900
296 99.993911
297 99.993922
298 99.993933
299 99.993945
300 99.993956
301 99.993968
302 99.993980
303 99.993993
304 99.994006
305 99.994018
306 99.994031
307 99.994045
308 99.994058
309 99.994072
310 99.994086
311 99.994100
312 99.994115
313 99.994130
314 99.994144
315 99.994160
316 99.994175
317 99.994191
318 99.994206
319 99.994223
320 99.994239
321 99.994255
322 99.994272
323 99.994289
324 99.994306
325 99.994324
326 99.994341
327 99.994359
328 99.994377
329 99.994396
330 99.994414
331 99.994433
332 99.994452
333 99.994471
334 99.994490
335 99.994510
336 99.994530
337 99.994550
338 99.994570
339 99.994590
340 99.994611
341 99.994632
342 99.994653
343 99.994674
344 99.994696
345 99.994717
346 99.994739
347 99.994761
348 99.994784
349 99.994806
350 99.994829
351 99.994852
352 99.994875
353 99.994898
354 99.994922
355 99.994946
356 99.994970
357 99.994994
358 99.995018
359 99.995043
360 99.995067
361 99.995092
362 99.995117
363 99.995142
364 99.995168
365 99.995194
366 99.995219
367 99.995245
368 99.995272
369 99.995298
370 99.995325
371 99.995351
372 99.995378
373 99.995405
374 99.995433
375 99.995460
376 99.995488
377 99.995516
378 99.995544
379 99.995572
380 99.995600
381 99.995629
382 99.995657
383 99.995686
384 99.995715
385 99.995745
386 99.995774
387 99.995803
388 99.995833
389 99.995863
390 99.995893
391 99.995923
392 99.995954
393 99.995984
394 99.996015
395 99.996046
396 99.996076
397 99.996108
398 99.996139
399 99.996170
400 99.996202
401 99.996234
402 99.996265
403 99.996297
404 99.996330
405 99.996362
406 99.996394
407 99.996427
408 99.996460
409 99.996492
410 99.996525
411 99.996559
412 99.996592
413 99.996625
414 99.996659
415 99.996692
416 99.996726
417 99.996760
418 99.996794
419 99.996828
420 99.996863
421 99.996897
422 99.996932
423 99.996966
424 99.997001
425 99.997036
426 99.997071
427 99.997106
428 99.997141
429 99.997177
430 99.997212
431 99.997248
432 99.997283
433 99.997319
434 99.997355
435 99.997391
436 99.997427
437 99.997463
438 99.997499
439 99.997536
440 99.997572
441 99.997609
442 99.997646
443 99.997682
444 99.997719
445 99.997756
446 99.997793
447 99.997830
448 99.997867
449 99.997905
450 99.997942
451 99.997980
452 99.998017
453 99.998055
454 99.998092
455 99.998130
456 99.998168
457 99.998206
458 99.998244
459 99.998282
460 99.998320
461 99.998358
462 99.998396
463 99.998435
464 99.998473
465 99.998511
466 99.998550
467 99.998588
468 99.998627
469 99.998665
470 99.998704
471 99.998743
472 99.998782
473 99.998821
474 99.998859
475 99.998898
476 99.998937
477 99.998976
478 99.999015
479 99.999054
480 99.999094
481 99.999133
482 99.999172
483 99.999211
484 99.999250
485 99.999290
486 99.999329
487 99.999368
488 99.999408
489 99.999447
490 99.999486
491 99.999526
492 99.999565
493 99.999605
494 99.999644
495 99.999684
496 99.999723
497 99.999763
498 99.999802
499 99.999842
500 99.999881
501 99.999921
502 99.999960
503 100.000000
