scalef, Ncell, chunk: 0.250000 500 500 
1 99.999960
2 99.999920
3 99.999880
4 99.999841
5 99.999801
6 99.999761
7 99.999721
8 99.999681
9 99.999642
10 99.999602
11 99.999562
12 99.999522
13 99.999483
14 99.999443
15 99.999403
16 99.999363
17 99.999324
18 99.999284
19 99.999245
20 99.999205
21 99.999166
22 99.999126
23 99.999087
24 99.999047
25 99.999008
26 99.998968
27 99.998929
28 99.998890
29 99.998851
30 99.998812
31 99.998772
32 99.998733
33 99.998694
34 99.998655
35 99.998616
36 99.998578
37 99.998539
38 99.998500
39 99.998461
40 99.998423
41 99.998384
42 99.998346
43 99.998307
44 99.998269
45 99.998231
46 99.998192
47 99.998154
48 99.998116
49 99.998078
50 99.998040
51 99.998002
52 99.997965
53 99.997927
54 99.997889
55 99.997852
56 99.997814
57 99.997777
58 99.997740
59 99.997702
60 99.997665
61 99.997628
62 99.997592
63 99.997555
64 99.997518
65 99.997481
66 99.997445
67 99.997408
68 99.997372
69 99.997336
70 99.997300
71 99.997264
72 99.997228
73 99.997192
74 99.997157
75 99.997121
76 99.997086
77 99.997050
78 99.997015
79 99.996980
80 99.996945
81 99.996910
82 99.996875
83 99.996841
84 99.996806
85 99.996772
86 99.996738
87 99.996704
88 99.996670
89 99.996636
90 99.996602
91 99.996569
92 99.996535
93 99.996502
94 99.996469
95 99.996436
96 99.996403
97 99.996370
98 99.996338
99 99.996305
100 99.996273
101 99.996241
102 99.996209
103 99.996177
104 99.996145
105 99.996114
106 99.996082
107 99.996051
108 99.996020
109 99.995989
110 99.995958
111 99.995928
112 99.995897
113 99.995867
114 99.995837
115 99.995807
116 99.995777
117 99.995748
118 99.995718
119 99.995689
120 99.995660
121 99.995631
122 99.995602
123 99.995574
124 99.995545
125 99.995517
126 99.995489
127 99.995461
128 99.995434
129 99.995406
130 99.995379
131 99.995352
132 99.995325
133 99.995298
134 99.995271
135 99.995245
136 99.995219
137 99.995193
138 99.995167
139 99.995141
140 99.995116
141 99.995090
142 99.995065
143 99.995041
144 99.995016
145 99.994991
146 99.994967
147 99.994943
148 99.994919
149 99.994896
150 99.994872
151 99.994849
152 99.994826
153 99.994803
154 99.994780
155 99.994758
156 99.994736
157 99.994714
158 99.994692
159 99.994670
160 99.994649
161 99.994628
162 99.994607
163 99.994586
164 99.994565
165 99.994545
166 99.994525
167 99.994505
168 99.994485
169 99.994466
170 99.994447
171 99.994428
172 99.994409
173 99.994390
174 99.994372
175 99.994354
176 99.994336
177 99.994318
178 99.994301
179 99.994284
180 99.994267
181 99.994250
182 99.994233
183 99.994217
184 99.994201
185 99.994185
186 99.994169
187 99.994154
188 99.994139
189 99.994124
190 99.994109
191 99.994095
192 99.994080
193 99.994066
194 99.994053
195 99.994039
196 99.994026
197 99.994013
198 99.994000
199 99.993987
200 99.993975
201 99.993963
202 99.993951
203 99.993940
204 99.993928
205 99.993917
206 99.993906
207 99.993895
208 99.993885
209 99.993875
210 99.993865
211 99.993855
212 99.993846
213 99.993837
214 99.993828
215 99.993819
216 99.993810
217 99.993802
218 99.993794
219 99.993787
220 99.993779
221 99.993772
222 99.993765
223 99.993758
224 99.993752
225 99.993745
226 99.993739
227 99.993734
228 99.993728
229 99.993723
230 99.993718
231 99.993713
232 99.993709
233 99.993704
234 99.993700
235 99.993697
236 99.993693
237 99.993690
238 99.993687
239 99.993684
240 99.993682
241 99.993679
242 99.993677
243 99.993675
244 99.993674
245 99.993673
246 99.993672
247 99.993671
248 99.993670
249 99.993670
250 99.993670
251 99.993670
252 99.993671
253 99.993672
254 99.993673
255 99.993674
256 99.993675
257 99.993677
258 99.993679
259 99.993682
260 99.993684
261 99.993687
262 99.993690
263 99.993693
264 99.993697
265 99.993700
266 99.993704
267 99.993709
268 99.993713
269 99.993718
270 99.993723
271 99.993728
272 99.993734
273 99.993739
274 99.993745
275 99.993752
276 99.993758
277 99.993765
278 99.993772
279 99.993779
280 99.993787
281 99.993794
282 99.993802
283 99.993810
284 99.993819
285 99.993828
286 99.993837
287 99.993846
288 99.993855
289 99.993865
290 99.993875
291 99.993885
292 99.993895
293 99.993906
294 99.993917
295 99.993928
296 99.993940
297 99.993951
298 99.993963
299 99.993975
300 99.993987
301 99.994000
302 99.994013
303 99.994026
304 99.994039
305 99.994053
306 99.994066
307 99.994080
308 99.994095
309 99.994109
310 99.994124
311 99.994139
312 99.994154
313 99.994169
314 99.994185
315 99.994201
316 99.994217
317 99.994233
318 99.994250
319 99.994267
320 99.994284
321 99.994301
322 99.994318
323 99.994336
324 99.994354
325 99.994372
326 99.994390
327 99.994409
328 99.994428
329 99.994447
330 99.994466
331 99.994485
332 99.994505
333 99.994525
334 99.994545
335 99.994565
336 99.994586
337 99.994607
338 99.994628
339 99.994649
340 99.994670
341 99.994692
342 99.994714
343 99.994736
344 99.994758
345 99.994780
346 99.994803
347 99.994826
348 99.994849
349 99.994872
350 99.994896
351 99.994919
352 99.994943
353 99.994967
354 99.994991
355 99.995016
356 99.995041
357 99.995065
358 99.995090
359 99.995116
360 99.995141
361 99.995167
362 99.995193
363 99.995219
364 99.995245
365 99.995271
366 99.995298
367 99.995325
368 99.995352
369 99.995379
370 99.995406
371 99.995434
372 99.995461
373 99.995489
374 99.995517
375 99.995545
376 99.995574
377 99.995602
378 99.995631
379 99.995660
380 99.995689
381 99.995718
382 99.995748
383 99.995777
384 99.995807
385 99.995837
386 99.995867
387 99.995897
388 99.995928
389 99.995958
390 99.995989
391 99.996020
392 99.996051
393 99.996082
394 99.996114
395 99.996145
396 99.996177
397 99.996209
398 99.996241
399 99.996273
400 99.996305
401 99.996338
402 99.996370
403 99.996403
404 99.996436
405 99.996469
406 99.996502
407 99.996535
408 99.996569
409 99.996602
410 99.996636
411 99.996670
412 99.996704
413 99.996738
414 99.996772
415 99.996806
416 99.996841
417 99.996875
418 99.996910
419 99.996945
420 99.996980
421 99.997015
422 99.997050
423 99.997086
424 99.997121
425 99.997157
426 99.997192
427 99.997228
428 99.997264
429 99.997300
430 99.997336
431 99.997372
432 99.997408
433 99.997445
434 99.997481
435 99.997518
436 99.997555
437 99.997592
438 99.997628
439 99.997665
440 99.997702
441 99.997740
442 99.997777
443 99.997814
444 99.997852
445 99.997889
446 99.997927
447 99.997965
448 99.998002
449 99.998040
450 99.998078
451 99.998116
452 99.998154
453 99.998192
454 99.998231
455 99.998269
456 99.998307
457 99.998346
458 99.998384
459 99.998423
460 99.998461
461 99.998500
462 99.998539
463 99.998578
464 99.998616
465 99.998655
466 99.998694
467 99.998733
468 99.998772
469 99.998812
470 99.998851
471 99.998890
472 99.998929
473 99.998968
474 99.999008
475 99.999047
476 99.999087
477 99.999126
478 99.999166
479 99.999205
480 99.999245
481 99.999284
482 99.999324
483 99.999363
484 99.999403
485 99.999443
486 99.999483
487 99.999522
488 99.999562
489 99.999602
490 99.999642
491 99.999681
492 99.999721
493 99.999761
494 99.999801
495 99.999841
496 99.999880
497 99.999920
498 99.999960
499 100.000000
